NACA 1410
    1.000000      0.2924852E-13
   0.9947202      0.1835360E-02
   0.9876010      0.2911441E-02
   0.9786746      0.4210421E-02
   0.9675029      0.5828784E-02
   0.9543383      0.7706801E-02
   0.9399010      0.9728966E-02
   0.9248411      0.1179740E-01
   0.9095189      0.1385973E-01
   0.8940910      0.1589407E-01
   0.8786186      0.1789235E-01
   0.8631251      0.1985185E-01
   0.8476194      0.2177180E-01
   0.8321053      0.2365205E-01
   0.8165843      0.2549265E-01
   0.8010577      0.2729365E-01
   0.7855260      0.2905507E-01
   0.7699901      0.3077684E-01
   0.7544504      0.3245882E-01
   0.7389077      0.3410080E-01
   0.7233626      0.3570247E-01
   0.7078156      0.3726342E-01
   0.6922675      0.3878317E-01
   0.6767189      0.4026115E-01
   0.6611703      0.4169666E-01
   0.6456225      0.4308895E-01
   0.6300761      0.4443713E-01
   0.6145319      0.4574024E-01
   0.5989905      0.4699719E-01
   0.5834527      0.4820680E-01
   0.5679192      0.4936778E-01
   0.5523909      0.5047869E-01
   0.5368684      0.5153803E-01
   0.5213529      0.5254411E-01
   0.5058450      0.5349518E-01
   0.4903460      0.5438929E-01
   0.4748568      0.5522439E-01
   0.4593789      0.5599827E-01
   0.4439140      0.5670854E-01
   0.4284654      0.5735261E-01
   0.4130392      0.5792766E-01
   0.3976505      0.5843010E-01
   0.3823179      0.5884708E-01
   0.3670189      0.5917000E-01
   0.3517472      0.5939602E-01
   0.3365013      0.5952164E-01
   0.3212827      0.5954300E-01
   0.3060941      0.5945592E-01
   0.2909388      0.5925592E-01
   0.2758207      0.5893818E-01
   0.2607444      0.5849746E-01
   0.2457155      0.5792814E-01
   0.2307404      0.5722407E-01
   0.2158267      0.5637859E-01
   0.2009839      0.5538441E-01
   0.1862234      0.5423357E-01
   0.1715596      0.5291736E-01
   0.1570113      0.5142632E-01
   0.1426029      0.4975031E-01
   0.1283686      0.4787880E-01
   0.1143572      0.4580183E-01
   0.1006416      0.4351205E-01
   0.8733423E-01  0.4100930E-01
   0.7460588E-01  0.3830894E-01
   0.6269787E-01  0.3545362E-01
   0.5189673E-01  0.3252122E-01
   0.4244697E-01  0.2961419E-01
   0.3444515E-01  0.2682665E-01
   0.2781158E-01  0.2421388E-01
   0.2235525E-01  0.2178764E-01
   0.1785858E-01  0.1953091E-01
   0.1412919E-01  0.1741486E-01
   0.1101518E-01  0.1540841E-01
   0.8403587E-02  0.1348260E-01
   0.6213842E-02  0.1161206E-01
   0.4391285E-02  0.9775633E-02
   0.2901803E-02  0.7957042E-02
   0.1727413E-02  0.6146731E-02
   0.8608617E-03  0.4344164E-02
   0.2984161E-03  0.2560319E-02
   0.3063354E-04  0.8203906E-03
   0.3417255E-04 -0.8631504E-03
   0.3144486E-03 -0.2596613E-02
   0.9026238E-03 -0.4357813E-02
   0.1811665E-02 -0.6113467E-02
   0.3042978E-02 -0.7844072E-02
   0.4598301E-02 -0.9544525E-02
   0.6489193E-02 -0.1122048E-01
   0.8743600E-02 -0.1288458E-01
   0.1141029E-01 -0.1455340E-01
   0.1456388E-01 -0.1624577E-01
   0.1831115E-01 -0.1798179E-01
   0.2279833E-01 -0.1978122E-01
   0.2821538E-01 -0.2166042E-01
   0.3478822E-01 -0.2362602E-01
   0.4273533E-01 -0.2566328E-01
   0.5218271E-01 -0.2772589E-01
   0.6307837E-01 -0.2974003E-01
   0.7519035E-01 -0.3162801E-01
   0.8821067E-01 -0.3333516E-01
   0.1018653     -0.3483817E-01
   0.1159571     -0.3613677E-01
   0.1303571     -0.3724245E-01
   0.1449834     -0.3817092E-01
   0.1597825     -0.3893840E-01
   0.1747182     -0.3956014E-01
   0.1897649     -0.4004994E-01
   0.2049038     -0.4042018E-01
   0.2201205     -0.4068190E-01
   0.2354039     -0.4084495E-01
   0.2507453     -0.4091821E-01
   0.2661373     -0.4090964E-01
   0.2815741     -0.4082649E-01
   0.2970508     -0.4067534E-01
   0.3125634     -0.4046222E-01
   0.3281081     -0.4019263E-01
   0.3436816     -0.3987167E-01
   0.3592806     -0.3950406E-01
   0.3749005     -0.3909422E-01
   0.3905334     -0.3864628E-01
   0.4061568     -0.3816355E-01
   0.4217644     -0.3763726E-01
   0.4373769     -0.3706683E-01
   0.4530003     -0.3645505E-01
   0.4686364     -0.3580454E-01
   0.4842850     -0.3511781E-01
   0.4999456     -0.3439721E-01
   0.5156173     -0.3364495E-01
   0.5312993     -0.3286306E-01
   0.5469906     -0.3205346E-01
   0.5626906     -0.3121791E-01
   0.5783985     -0.3035803E-01
   0.5941135     -0.2947533E-01
   0.6098349     -0.2857117E-01
   0.6255620     -0.2764680E-01
   0.6412942     -0.2670336E-01
   0.6570308     -0.2574186E-01
   0.6727713     -0.2476321E-01
   0.6885149     -0.2376822E-01
   0.7042612     -0.2275756E-01
   0.7200094     -0.2173183E-01
   0.7357590     -0.2069151E-01
   0.7515095     -0.1963699E-01
   0.7672602     -0.1856856E-01
   0.7830106     -0.1748640E-01
   0.7987601     -0.1639061E-01
   0.8145081     -0.1528120E-01
   0.8302538     -0.1415809E-01
   0.8459963     -0.1302113E-01
   0.8617338     -0.1187014E-01
   0.8774627     -0.1070500E-01
   0.8931734     -0.9525963E-02
   0.9088411     -0.8334396E-02
   0.9243997     -0.7134909E-02
   0.9396791     -0.5940502E-02
   0.9542888     -0.4782481E-02
   0.9675371     -0.3718198E-02
   0.9786991     -0.2812019E-02
   0.9875875     -0.2094948E-02
   0.9946775     -0.1485658E-02
    1.000000      0.2924874E-13
