NACA 0008
    1.000000       0.000000    
   0.9949420      0.1319926E-02
   0.9878083      0.1984924E-02
   0.9780981      0.2862652E-02
   0.9656876      0.3983077E-02
   0.9517958      0.5218800E-02
   0.9374135      0.6476860E-02
   0.9229012      0.7724802E-02
   0.9083548      0.8954533E-02
   0.8937976      0.1016445E-01
   0.8792356      0.1135448E-01
   0.8646701      0.1252483E-01
   0.8501018      0.1367578E-01
   0.8355310      0.1480756E-01
   0.8209580      0.1592036E-01
   0.8063831      0.1701431E-01
   0.7918064      0.1808950E-01
   0.7772283      0.1914597E-01
   0.7626489      0.2018369E-01
   0.7480686      0.2120259E-01
   0.7334876      0.2220252E-01
   0.7189061      0.2318331E-01
   0.7043243      0.2414471E-01
   0.6897426      0.2508640E-01
   0.6751612      0.2600803E-01
   0.6605803      0.2690917E-01
   0.6460001      0.2778932E-01
   0.6314211      0.2864793E-01
   0.6168433      0.2948439E-01
   0.6022672      0.3029800E-01
   0.5876929      0.3108801E-01
   0.5731209      0.3185359E-01
   0.5585513      0.3259384E-01
   0.5439846      0.3330777E-01
   0.5294210      0.3399433E-01
   0.5148609      0.3465237E-01
   0.5003047      0.3528068E-01
   0.4857527      0.3587792E-01
   0.4712054      0.3644268E-01
   0.4566633      0.3697344E-01
   0.4421269      0.3746859E-01
   0.4275966      0.3792639E-01
   0.4130730      0.3834497E-01
   0.3985569      0.3872236E-01
   0.3840488      0.3905642E-01
   0.3695495      0.3934488E-01
   0.3550600      0.3958527E-01
   0.3405812      0.3977498E-01
   0.3261142      0.3991117E-01
   0.3116602      0.3999077E-01
   0.2972206      0.4001049E-01
   0.2827972      0.3996672E-01
   0.2683917      0.3985554E-01
   0.2540065      0.3967267E-01
   0.2396442      0.3941339E-01
   0.2253080      0.3907247E-01
   0.2110017      0.3864412E-01
   0.1967299      0.3812182E-01
   0.1824986      0.3749823E-01
   0.1683150      0.3676500E-01
   0.1541885      0.3591253E-01
   0.1401315      0.3492971E-01
   0.1261607      0.3380356E-01
   0.1122990      0.3251882E-01
   0.9858013E-01  0.3105757E-01
   0.8505601E-01  0.2939916E-01
   0.7181377E-01  0.2752173E-01
   0.5901239E-01  0.2540862E-01
   0.4695020E-01  0.2306818E-01
   0.3612065E-01  0.2057217E-01
   0.2706717E-01  0.1807353E-01
   0.1999301E-01  0.1572931E-01
   0.1464483E-01  0.1360393E-01
   0.1059476E-01  0.1167446E-01
   0.7481521E-02  0.9887368E-02
   0.5059729E-02  0.8189061E-02
   0.3178727E-02  0.6534091E-02
   0.1756711E-02  0.4888646E-02
   0.7604176E-03  0.3236455E-02
   0.1808846E-03  0.1588026E-02
   0.3546793E-29 -0.2223736E-15
   0.1808846E-03 -0.1588026E-02
   0.7604176E-03 -0.3236455E-02
   0.1756711E-02 -0.4888646E-02
   0.3178727E-02 -0.6534091E-02
   0.5059729E-02 -0.8189061E-02
   0.7481521E-02 -0.9887368E-02
   0.1059476E-01 -0.1167446E-01
   0.1464483E-01 -0.1360393E-01
   0.1999301E-01 -0.1572931E-01
   0.2706717E-01 -0.1807353E-01
   0.3612065E-01 -0.2057217E-01
   0.4695020E-01 -0.2306818E-01
   0.5901239E-01 -0.2540862E-01
   0.7181377E-01 -0.2752173E-01
   0.8505601E-01 -0.2939916E-01
   0.9858013E-01 -0.3105757E-01
   0.1122990     -0.3251882E-01
   0.1261607     -0.3380356E-01
   0.1401315     -0.3492971E-01
   0.1541885     -0.3591253E-01
   0.1683150     -0.3676500E-01
   0.1824986     -0.3749823E-01
   0.1967299     -0.3812182E-01
   0.2110017     -0.3864412E-01
   0.2253080     -0.3907247E-01
   0.2396442     -0.3941339E-01
   0.2540065     -0.3967267E-01
   0.2683917     -0.3985554E-01
   0.2827972     -0.3996672E-01
   0.2972206     -0.4001049E-01
   0.3116602     -0.3999077E-01
   0.3261142     -0.3991117E-01
   0.3405812     -0.3977498E-01
   0.3550600     -0.3958527E-01
   0.3695495     -0.3934488E-01
   0.3840488     -0.3905642E-01
   0.3985569     -0.3872236E-01
   0.4130730     -0.3834497E-01
   0.4275966     -0.3792639E-01
   0.4421269     -0.3746859E-01
   0.4566633     -0.3697344E-01
   0.4712054     -0.3644268E-01
   0.4857527     -0.3587792E-01
   0.5003047     -0.3528068E-01
   0.5148609     -0.3465237E-01
   0.5294210     -0.3399433E-01
   0.5439846     -0.3330777E-01
   0.5585513     -0.3259384E-01
   0.5731209     -0.3185359E-01
   0.5876929     -0.3108801E-01
   0.6022672     -0.3029800E-01
   0.6168433     -0.2948439E-01
   0.6314211     -0.2864793E-01
   0.6460001     -0.2778932E-01
   0.6605803     -0.2690917E-01
   0.6751612     -0.2600803E-01
   0.6897426     -0.2508640E-01
   0.7043243     -0.2414471E-01
   0.7189061     -0.2318331E-01
   0.7334876     -0.2220252E-01
   0.7480686     -0.2120259E-01
   0.7626489     -0.2018369E-01
   0.7772283     -0.1914597E-01
   0.7918064     -0.1808950E-01
   0.8063831     -0.1701431E-01
   0.8209580     -0.1592036E-01
   0.8355310     -0.1480756E-01
   0.8501018     -0.1367578E-01
   0.8646701     -0.1252483E-01
   0.8792356     -0.1135448E-01
   0.8937976     -0.1016445E-01
   0.9083548     -0.8954533E-02
   0.9229012     -0.7724802E-02
   0.9374135     -0.6476860E-02
   0.9517958     -0.5218800E-02
   0.9656876     -0.3983077E-02
   0.9780981     -0.2862652E-02
   0.9878083     -0.1984924E-02
   0.9949420     -0.1319926E-02
    1.000000       0.000000    
